version: 3.7
shapes:
- id: 1932215531
  type: rectangle
  x: 404.957298908
  y: 282.613704071
  w: 1618.60575968
  h: 1397.16385303
  rotation: 0
routines:
- type: SurfaceRoughness
  id: 280719947
  name: Surface Roughness
  annotationids: '[]'
  primaryshapeid: 1932215531
  secondaryshapeid: 0
  scale: 1
  formremoval: None
  lambdac: 0.8
  applyfilter: true
  Sa: 2.41414071128
  Sq: 4.92190703069
  Sp: 24.468081072
  Sv: 62.6328662038
  Ssk: -3.30253536954
  Sku: 24.1795236074
  Sz: 87.1009472758
  mask: mask.png
  scalefactor: 1
  meta_PassedAnalysis: True
  meta_sdkversion: 4.2.240.0
